7898070130481
7898070130559
7898070130498
7898070131440
7893590562125
7898070130054
7898070131471
7893590561036
7893590560077
7893590562590
7893590561067
7893590561081
7898070130252
7898070130474
7898070131662
7898070132522
7898070130399
7898070130368
7898070130344
7893590560299
7893590560466
7898070130467
7898070131921
7898070130207
7893590560312
7898070130429
7893590561722
7898070133901
7898070132959
7893590560602
7893590561340
7898070134113
7893590562293
7898070132744
7898070132232
7898070134175
7893590561418
7893590561029
7893590561494
7898070131549
7893590562699
7893590560565
7898070134304
7893590560558
7893590562545
7893590562446
7893590562576
7898070134229
7893590562415
7893590562606
7898070132317
7893590562422
7893590562439
7898070133468
7893590560886
7898070134007
7893590560930
7893590561593
7898070130504
7898070130245
7898070130238
7898070132485
7898070130542
7893590561630
7893590562200
7898070133239
7898070130061
7893590561562
7898070130214
7898070133185
7893590560305
7898070132638
7893590560480
7898070133543
7893590562408
7898070134120
7893590560923
7893590561838
7898070130351
7893590560282
7898070132669
7898070133628
7893590562491
7898070130306
7893590562330
7898070130122
7893590562651
7893590562002
7898070132171
7898070132300
7898070133116
7898070133871
7898070133918
7898070130528
7893590560060
7898070130412
7893590562262
7893590561289
7893590561272
7898070131365
7893590560169
7898070133079
7898070132782
7898070132539
7893590562347
7898070133031
7893590560015
7898070130191
7898070131884
7898070133499
7898070132461
7898070132164
7893590562309
7898070133857
7893590561524
7898070133581
7898070132546
7893590561555
7893590562101
7893590561319
7898070133567
7898070130115
7898070133512
7898070133321
7898070133307
7898070133437
7898070133192
7898070133345
7898070133208
7898070133734
7898070133741
7898070133710
7898070133802
7898070131648
7898070133673
7898070133826
7893590561784
7898070134328
7898070134977
7893590560374
7898070134335
7893590561791
7893590562231
7898070131754
7893590562156
7898070133758
7898070133772
7898070133765
7898070133819
7898070134144
7893590560053
7898070134939
7898070133390
7898070132775
7898070133727
7898070133956
7898070133963
7893590560091
7893590562057
7898070131556
7893590563160
7898070132058
7898070134274
7893590561197
7898070132287
7898070133840
7898070132980
7898070132997
7898070134267
7893590561296
7893590562071
7893590560978
7898070132010
7898070132515
7898070132867
7893590560596
7898070131891
7893590563177
7893590562026
7893590560671
7893590560459
7898070131495
7898070131938
7898070131488
7898070133604
7898070134892
7893590561234
7893590560893
7893590560756
7893590560510
7893590560268
7898070132829
7898070133123
7893590560695
7893590561135
7898070134540
7893590561982
7893590561500
7893590562040
7898070132157
7898070134281
7898070130153
7898070132911
7898070132850
7893590561074
7898070132898
7898070133178
7893590560435
7898070132805
7898070132362
7898070131730
7898070132577
7893590560732
7898070132683
7893590562514
7893590562194
7893590561890
7893590561548
7893590561876
7898070132119
7898070132218
7893590561869
7898070134847
7893590561395
7898070132331
7893590560336
7893590562279
7893590562248
7893590560718
7893590562477
7893590561906
7893590560541
7898070131709
7893590560909
7893590562552
7893590562170
7893590562682
7898070134748
7898070132478
7893590561623
7893590561852
7893590562033
7898070133598
7898070133529
7898070131846
7893590561746
7893590560664
7893590561692
7898070134168
7898070133284
7893590562583
7893590560237
7893590560138
7893590561388
7893590560619
7898070132454
7893590560800
7893590562019
7898070133475
7898070133369
7893590562316
7898070132553
7898070133642
7893590560411
7898070134236
7893590560794
7898070133406
7898070134106
7898070132621
7898070131686
7898070133697
7898070133314
7898070133222
7898070133215
7898070133130
7898070132874
7893590561210
7898070130290
7898070130375
7898070133338
7898070133444
7898070133505
7898070133413
7898070133420
7898070133352
7893590562521
7893590561753
7893590560879
7898070134298
7898070133376
7898070134984
7893590560398
7893590560190
7898070132225
7898070134212
7893590561739
7898070130078
7893590562095
7893590561012
7898070133161
7893590561937
7898070133680
7898070131464
7893590561456
7893590560329
7893590560527
7893590561616
7898070131457
7893590562675
7893590560251
7893590560787
7898070130382
7893590560183
7898070132447
7898070131419
7893590561647
7898070132126
7898070132249
7893590560749
7898070131860
7898070130436
7898070133109
7893590560220
7893590560046
7898070134908
7898070130009
7893590561913
7893590562538
7898070131747
7898070134793
7898070133154
7893590562460
7898070132430
7893590560503
7898070133246
7898070134090
7898070131945
7893590561425
7898070133574
7898070130160
7898070130016
7898070131679
7898070131952
7898070134755
7898070134779
7898070134786
7898070134762
7898070133062
7898070130276
7898070132423
7898070132324
7893590560824
7898070131594
7898070132003
7898070130146
7893590560381
7893590560640
7898070131969
7898070132607
7898070131822
7893590560862
7898070130184
7898070130283
7898070130535
7893590560992
7898070134045
7898070133000
7893590561975
7898070131587
7898070134830
7898070134052
7893590560589
7893590560725
7893590562361
7893590562187
7898568350117
7898568350155
7898568350179
7898070132737
7898568350124
7898070131716
7893590561333
7898070134861
7898070132720
7898070132348
7898070134809
7898070134816
7898070131907
7898070132935
7898070133260
7898070132270
7898070133093
7893590561159
7898070131631
7898070134410
7898070133949
7893590562354
7898070134366
7898070134359
7898070134373
7898070134380
7898070134397
7898070134403
7898070131792
7898070134427
7898070134434
7898070131785
7898070134458
7898070134465
7898070134472
7898070134489
7898070134496
7898070134502
7898070134519
7898070134526
7898070134533
7898070131778
7898070134557
7898070134564
7898070134571
7898070134588
7898070134595
7898070134618
7898070134625
7898070134632
7898070131761
7898070134656
7898070134663
7898070134670
7898070134687
7898070134694
7898070134700
7898070131815
7898070134724
7898070134731
7893590561302
7893590560084
7898070132928
7893590560572
7893590561920
7898070131501
7893590561432
7893590560114
7898070133864
7893590560206
7898070132256
7898070132355
7898070131655
7898070131839
7898070132843
7898070131617
7893590562668
7898070132102
7898070132560
7898070134854
7898070132294
7898070132409
7893590561180
7893590562620
7898070132089
7898070132881
7893590560985
7893590562286
7898070133659
7898070131693
7893590561470
7893590561241
7898070133451
7893590560367
7898070133703
7893590560947
7898070132690
7898070134946
7898070134205
7893590561203
7898070131723
7893590561463
7898070134311
7893590560688
7893590560176
7898070132416
7893590560442
7893590560343
7893590561401
7898070134649
7898070134076
7898070134137
7893590560473
7898070131990
7893590561708
7893590562323
7898070134243
7893590561968
7893590561357
7893590560626
7898070134441
7893590561760
7898070131570
7893590561043
7893590562217
7893590561258
7893590561005
7898070133086
7898070130450
7893590561951
7898070132072
7898070132713
7893590561364
7893590561777
7893590562637
7893590560916
7898070132584
7893590562453
7898070130405
7893590560855
7893590561821
7893590560145
7893590561579
7893590562392
7893590560763
7898070133048
7893590560497
7898070130443
7893590562224
7893590561449
7898070133895
7898070131808
7893590562064
7898070133017
7893590560275
7893590561371
7898070132393
7898070132386
7898070132379
7898070132973
7893590560404
7893590561050
7893590560152
7898070133987
7893590562613
7898070133253
7898070132706
7893590560350
7893590560657
7893590560817
7893590560954
7893590560244
7898070132614
7893590562378
7898070134038
7898070132942
7898070132492
7898070131914
7898070133550
7898070132065
7893590560534
7893590562507
7898070133994
7893590561326
7893590561265
7893590562569
7898070134991
7898070131976
7898070133833
7898070134953
7898070132034
7898070131563
7893590561142
7893590562118
7898070131983
7898070132966
7893590561111
7893590561999
7898070134915
7898070134960
7893590561944
7898070131600
7898070132140
7898070133888
7898070133611
7893590562057
7898070130269
7893590560213
7893590561227
7898070134021
7893590561098
7898070132591
7893590564952
7898070133925
7898070132768
7893590560701
7898070133024
7898070132263
7898070131877
7898070133536
7898070134717
7898070133277
7893590561104
7893590562750
7893590562767
7893590562774
7893590562781
7893590562798
7893590562804
7893590562811
7893590562828
7893590562835
7893590562842
7893590562859
7893590562866
7893590562873
7893590562880
7893590562897
7893590562903
7893590562910
7893590562927
7893590562934
7893590562941
7893590562958
7893590562965
7893590562972
7893590562989
7893590562996
7893590563009
7893590563016
7893590563665
7893590563030
7893590563047
7893590563054
7893590563061
7893590563078
7893590563085
7893590563092
7893590563108
7893590563115
7893590563139
7893590563146
7893590563214
7893590562484
7893590563351
7893590563207
7893590563252
7893590563191
7893590563214
7893590563245
7893590563221
7893590563238
7893590563344
7893590563382
7893590563375
7893590563368
7893590563399
7893590563412
7893590563436
7893590560008
7893590563443
7893590563450
7893590563481
7893590563474
7893590563467
7893590563542
7893590563498
7893590563504
7893590563511
7893590563528
7893590563580
7893590563597
7893590563603
7893590563610
7893590563627
7893590563634
7893590563641
7893590563658
7893590563122
7893590563429
7893590563863
7893590563795
7893590563887
7893590563870
7893590563900
7893590563894
7893590563924
7893590563931
7893590563962
7893590563979
7893590563986
7893590563955
7893590563948
7893590563993
7893590564006
7893590564013
7893590564020
7893590564037
7893590564273
7893590564228
7893590564266
7893590564259
7893590564242
7893590564280
7893590564457
7893590564235
7893590564327
7893590564365
7893590564358
7893590564372
7893590564334
7893590564341
7893590564396
7893590564389
7893590564419
7893590564402
7893590564426
7893590564433
7893590564440
7893590564440
7893590564464
7893590564495
7893590564488
7893590564518
7893590564501
7893590563566
7893590563559
7893590563573
7893590563825
7893590563818
7893590563801
7893590563856
7893590563849
7893590563832
7893590564525
7893590564532
7893590564693
7893590564549
7893590564563
7893590564556
7893590564785
7893590564792
7893590564778
7893590564815
7893590564808
7893590564662
7893590564730
7893590564723
7893590564716
7893590564754
7893590564747
7893590564686
7893590564679
7893590564709
7893590564860
7893590564761
7893590564853
7893590564822
7893590564839
7893590563672
7893590563696
7893590563702
7893590563719
7893590563689
7893590564877
7893590563726
7890125383583
7893590563757
7890141669524
7893590563771
7890153879027
7893590563979
7898590564846
7890017808477
7890009161658
7893590563269
7893590564884
7893590564891
7893590564938
7893590560428
7893590564907
7893590564914
7893590564921
7890034240649
7890003285398
7890011186540
7890014172342
7893590564112
7890034242483
7893590564105
7890025808018
7890043642878
7890050511389
7890059785422
7890097370529
7890108761742
7890115536173
7890098978724
7890159907953
7890160005969
7890164153802
7890620860602
7890621729045
7890634023772
7890648106638
7890652100455
7890652645420
7890691203025
7890700429668
7890707708865
7890723875749
7890764417021
7890767423142
7890783087403
7890783348818
7890787137258
7890796550413
7890804824680
7890811525754
7890828019338
7890831402769
7890832791220
7890842678276
7890857686150
7890872075182
7890885162145
7890885331053
7890887868083
7890888311564
7890890494002
7890892658723
7890896673050
7890906061037
7890910913186
7890920822416
7891062360729
7891063136996
7898625070828
7898625070743
7898625070804
7898625070798
7898625070736
7898625070712
7898625070767
7898625070941
7898929342683
7898625070125
7898625070279
7898929342614
7898929342638
7898929342874
7898929342867
7898929342850
7898929342881
7898929342577
7898929342584
7898929342591
7898929342560
7898625070477
7898625070484
7898625070460
7898625070507
7898929342805
7898625070699
7898929342034
7898625070637
7898625071023
7898625071030
7898625070972
7898929342355
7898929342409
7898625070019
7898929342461
7898929342218
7898929342232
7898625071122
7898625070347
7898625070323
7898625070330
7898625070361
7898625070422
7898625070385
7898625070224
7898625070217
7898625070514
7898625070538
7898929342799
7898625070439
7898625070903
7898625071214
7898625071528
7898625070927
7898929342348
7898929342492
7898929342478
7898625071078
7898625071061
7898929342706
7898929342720
7898625071498
7898625070293
7898929342300
7898625070583
7898625070996
7898625071016
7898625070989
8659
8660
8661
8662
8663
8664
8665
8666
8667
8668