2550
2242
7517
2243
1893
7068
996
8418
5346
7020
2224
1562
945
5371
2222
1095
7527
7278
5292
5409
1833
2364
7019
1314
5275
975
5374
932
4832
7277
941
5367
5423
1008
7539
1034
5324
935
7613
5352
956
1090
8429
1729
2199
1000
7008
5320
4211
5356
7067
2225
7453
4859
5359
8275
5283
1085
7905
1013
1104
1807
5428
979
2187
2240
2021
2859
1429
943
5351
8319
1092
8322
2124
1360
933
7295
1228
1809
3713
1007
7582
2176
2141
2122
5376
1371
957
944
1664
978
4819
8411
7123
7699
7806
1387
5433
3751
4130
5448
4532
1832
1265
8258
1012
3411
2149
2133
4444
5318
2136
2146
1347
5391
7347
1017
937
7395
5279
7029
954
2207
1369
2206
7057
7548
958
7127
955
8410
5388
7052
5432
1802
1312
2241
5361
7545
2188
1003
5362
5501
977
7888
7542
1839
4423
1388
7362
2191
5304
1368
1825
5384
5360
7616
984
7348
4648
4686
4464
1795
952
1790
7590
5418
5486
7824
1801
927
5317
959
961
1016
2237
5375
7023
5358
930
2154
972
4155
983
2548
1348
931
4646
7513
3278
7474
7506
7080
4021
5323
2067
3841
2994
5481
4449
4105
7698
973
7526
7880
7540
4719
5395
7051
7541
6877
999
2147
5293
5566
1094
5425
940
8192
1010
1033
7538
965
7170
1027
2857
1376
5340
1563
1023
2677
2189
5338
1389
2026
1730
4453
2238
1797
4099
1357
5456
4100
5424
4143
1295
934
2008
1784
1089
3037
1379
2192
5556
2202
1032
4158
5319
1097
1838
1894
1940
7424
5562
1840
1789
2235
1939
8257
7048
986
4318
7584
1574
7933
5289
5325
6976
5349
1804
3618
7055
2020
1378
1880
1799
7875
8211
1015
971
2071
2229
5281
7296
1342
7046
1565
1052
7879
7365
3304
4149
2159
1263
5444
2997
5274
7079
7452
2137
1987
1796
5427
2851
1028
5310
6990
1264
1114
5410
4614
4436
1276
1351
7056
5429
2233
3862
6974
4439
5326
5299
1031
8317
1822
2363
1410
1268
3636
1836
7358
5426
947
5500
2208
2160
7878
5333
946
1022
2937
974
1798
4051
4478
5416
1805
4228
5482
1278
5401
5387
8215
7405
5431
7934
7914
4650
1024
1086
1285
5341
7425
4688
7601
7032
6991
5282
1082
2995
4210
2221
4090
2863
1149
4153
7377
939
1662
3753
1262
8162
3869
1786
1787
2201
7667
5400
3035
2285
1816
5397
5453
1425
1111
4174
981
2184
1005
1100
5460
2150
1029
5389
8316
5286
4565
5350
7124
950
7889
7799
6853
3787
1651
3574
7174
1299
994
985
1427
4567
1096
8274
2148
3778
8292
1800
1793
7060
928
970
7876
8164
7045
5393
1341
5392
7047
7817
3865
5408
2127
3110
5348
1021
4345
7274
3836
7280
3880
4651
4434
5366
1142
3893
5290
1035
3861
4038
2019
1098
5394
4476
987
4123
1546
1271
8362
7710
1823
8422
1806
1103
4168
7589
1093
2195
2186
4647
7572
951
962
1842
4097
1101
8324
968
1349
5314
4398
7421
7413
1274
7597
7384
4206
5322
1087
5390
7313
4537
3860
5369
1370
3896
1556
2143
2145
8008
5468
5294
5017
1006
1886
7692
1102
7414
969
5430
4830
5465
5355
8361
7812
3837
5449
3897
5386
1280
1284
2282
2283
7406
1281
1835
3885
4342
3886
2546
2698
8094
7109
4875
2236
8445
7041
1721
3972
5313
5463
8284
990
2220
5365
7811
2036
6817
8053
7412
7865
964
4331
2057
3741
4081
7990
2185
7043
1883
7475
4578
3296
2682
5398
7402
1421
1279
1888
4344
1298
2245
7356
1350
1283
4649
3973
1288
3884
2002
3839
2980
2527
4691
4591
4839
1018
5464
3871
5414
8160
2234
7451
7073
7595
2198
1282
7892
1892
4438
4842
1812
3898
5574
1433
2930
8001
2183
7049
2544
2131
3659
1084
7936
8185
2139
7139
929
1144
7081
7744
4091
7418
1355
8272
7125
4083
7570
3810
7935
7058
4835
7069
4596
8191
1978
1344
3964
8093
991
3868
8441
3811
1183
7422
4252
2130
7534
4652
1081
1346
7084
1353
1297
5010
4333
2551
1354
8291
8315
3838
7524
6847
4319
8286
4841
1267
1269
4689
4317
5308
7571
8285
7375
3881
7569
3864
7821
7915
5014
1390
3831
953
3658
1112
8318
3762
2128
7039
1659
7568
5565
4910
7083
7082
3816
7260
3970
1273
8087
7877
7712
7042
2549
3813
1291
4330
5288
3894
7309
1420
1261
6980
3833
3789
4085
8271
4833
1356
7126
8360
4122
7823
1367
1270
3823
1277
1564
7863
3814
8323
4598
4763
7800
7369
1289
7062
7913
4747
7140
967
7988
5287
5013
1663
7301
3887
7050
1372
3863
3791
5492
2129
3818
8165
7352
7543
7555
4657
8009
7588
7284
7315
7689
7989
7579
5016
7044
8442
4179
3804
7836
7036
7948
7330
2223
7040
2203
3900
7844
3824
7324
5026
8273
3822
3829
1014
4207
1296
3793
1831
7059
1290
1345
8435
3809
7666
3731
7869
3796
3812
3832
3792
7883
1287
3797
1293
4760
7063
7870
3794
1991
8384
2030
3798
7961
3830
2200
7329
4861
2152
1286
3821
8443
3834
3790
3800
3819
3815
3795
3828
942
960
963
992
993
1001
1105
1113
1123
1132
1169
1172
1294
1313
1343
1358
1359
1794
1810
1837
1841
2001
2035
2104
2105
2132
2135
2205
2227
2230
2284
2676
2850
3106
3279
3280
3299
3771
3780
3784
3806
3807
3808
3817
3820
3835
3866
3867
4033
4136
4142
4166
4177
4215
4216
4217
4218
4220
4347
4442
4553
4593
4600
4654
4662
4685
4758
4821
4838
5009
5015
5018
5295
5298
5301
5303
5306
5315
5330
5335
5342
5343
5345
5368
5370
5382
5385
5415
5450
5455
5466
5467
5470
5472
5474
5484
5490
5513
5514
5532
5535
5536
5537
5578
6818
6819
6820
6851
6977
7037
7038
7053
7054
7061
7064
7065
7066
7070
7071
7072
7074
7107
7108
7121
7122
7132
7143
7169
7171
7173
7268
7272
7279
7283
7286
7291
7292
7293
7294
7302
7303
7304
7305
7310
7317
7318
7319
7320
7323
7328
7332
7333
7336
7337
7357
7363
7364
7373
7394
7401
7404
7407
7416
7417
7420
7436
7437
7522
7523
7536
7537
7549
7550
7552
7573
7574
7575
7576
7577
7711
7822
7825
7828
7829
7830
7831
7832
7833
7834
7835
7851
7856
7857
7859
7862
7864
7907
7908
7921
7923
7924
7925
7926
8086
8088
8161
8163
8166
8167
8171
8184
8187
8193
8239
8255
8436
8560
8561
8562
8593
8594
8595
8596
8597
8598
8599
8600
8601
8602
8603
8604
8038
8039
8040
8041
8042
8045
8046
8047
8048
8049
8050
8051
7436
8646
8652
8653
8654
8659
8660
8661
8662
8663
8664
8665
8666
8667
8668
8694
8695
8696
8697
8698
8699
8700
8705
8706
8707
8710
8712
8714
8715
8716
8717
8718
8719
8720
8721
8722
8723
8724
8725
8726
8727
8733
8735
8736
8745
8746
8747
8752
8753
8754
8755
8756
8757
8758
8768
8770
8771
8775
8777
8781
8787
8800
8801
8802
8804
8807
8809
8812
8814
8815
8817
8818
8822
8825
8826
8827
8829
8834
8835
8837
8839
8840
8843
8844
8845